10                        -141.1389853543277
12.5                      -136.1088486389033
15                        -131.6215159341548
17.5                      -127.48440184152996
20                        -123.5853865412661
22.5                      -119.85037140734156
25                        -116.22354063709562
27.5                      -112.65681174173471
30                        -109.10288193691756
32.5                      -105.5088605503873
35                        -101.80783318768945
37.5                      -97.90398908138494
40                        -93.640328351498
42.5                      -88.71224603834948
45                        -82.35367021160323
47.5                      -71.1167201275304
50                        -68.56455927546432
52.5                      -76.50672453414091
55                        -79.18897432689639
57.5                      -80.35797880042814
60                        -80.80116794564336
62.5                      -80.81844745713931
65                        -80.5550375335951
67.5                      -80.09128136919294
70                        -79.47541233695527
72.5                      -78.73785372200787
75                        -77.89824523876828
77.5                      -76.96918520854834
80                        -75.95832347220014
82.5                      -74.86954399358991
85                        -73.70359074960479
87.5                      -72.4583038420714
90                        -71.12852665656976
92.5                      -69.70566510636188
95                        -68.17679276200788
97.5                      -66.52305982885777
100                       -64.71690445715558
102.5                     -62.716996049825255
105                       -60.45844199109615
107.5                     -57.83185980911868
110                       -54.631720381108295
112.5                     -50.39655320027569
115                       -43.65607250848639
117.5                     8.486423961953097
120                       -42.100083511506305
122.5                     -47.352774640930164
125                       -50.080123718785444
127.5                     -51.76174688405722
130                       -52.858803663442664
132.5                     -53.57456194972904
135                       -54.015140157020895
137.5                     -54.241205004535914
140                       -54.2886434865772
142.5                     -54.177860989385366
145                       -53.918007166613194
147.5                     -53.50835688235675
150                       -52.93740221396491
152.5                     -52.17900659279776
155                       -51.183029433741744
157.5                     -49.852551591946266
160                       -47.980580429887915
162.5                     -45.021728305398916
165                       -38.65875969248038
167.5                     -34.325803492131065
170                       -51.07027097093484
172.5                     -84.58655691662962
175                       -55.20336995312711
177.5                     -47.60919986145598
180                       -38.997396211220696
182.5                     -24.156984541168548
185                       -40.130444431301335
187.5                     -45.107326965894394
190                       -56.492612481776476
192.5                     -37.50273802892286
195                       -25.122264472180454
197.5                     -29.351083436745032
200                       -144.90579019296905
202.5                     -151.328254391107
205                       -106.09782914780327
207.5                     -116.11382007807721
210                       -96.68602624593166
212.5                     -93.14786740506054
215                       -100.04745017943796
217.5                     -90.69651949219494
220                       -59.60355866233344
222.5                     -60.233908330949774
225                       -52.383246317181616
227.5                     -38.00644167950184
230                       -38.83676251539872
232.5                     -44.42545585413791
235                       -45.96573295322034
237.5                     -46.25042334328541
240                       -45.90777024604732
242.5                     -45.15182658283368
245                       -44.04530679166453
247.5                     -42.555482932129316
250                       -40.529834417354465
252.5                     -37.53839666499413
255                       -32.02578045271617
257.5                     -10.447972937028753
260                       -36.00540503380162
262.5                     -44.44459084284234
265                       -53.31228366860031
267.5                     -74.1281870396078
270                       -53.720803223509705
272.5                     -48.38259426434456
275                       -44.93407499980039
277.5                     -42.123139282249696
280                       -39.52372165410785
282.5                     -36.90186428822767
285                       -34.05518985127619
287.5                     -30.708943714410402
290                       -26.305698597002323
292.5                     -18.999636133538665
295                       -2.582337676196534
297.5                     -20.326589678593262
300                       -25.297032134022306
302.5                     -28.150143974941322
305                       -30.09591537788822
307.5                     -31.539704161479793
310                       -32.66771165932569
312.5                     -33.581453600890484
315                       -34.34294881858325
317.5                     -34.993539565034354
320                       -35.56297113770122
322.5                     -36.07432881291931
325                       -36.54706931989599
327.5                     -36.999192091518395
330                       -37.449153026348625
332.5                     -37.91801370796756
335                       -38.43245373069154
337.5                     -39.02977423920353
340                       -39.767390318403294
342.5                     -40.74329380281376
345                       -42.14760424687373
347.5                     -44.426146297276006
350                       -49.07754259382302
352.5                     -77.20824753399361
355                       -44.51933794969459
357.5                     -35.72810641633965
360                       -28.04262945680106
362.5                     -17.615049652687077
365                       -8.406459629907507
367.5                     -19.191403232901337
370                       -22.55481817891781
372.5                     -24.273156727797335
375                       -25.27977068471823
377.5                     -25.89788615696311
380                       -26.27454614195257
382.5                     -26.48758709279539
385                       -26.58246317728539
387.5                     -26.58761439561028
390                       -26.52175953108051
392.5                     -26.397693432886452
395                       -26.224408278197544
397.5                     -26.00834553440511
400                       -25.754167728182857
402.5                     -25.465250697994023
405                       -25.144005589885573
407.5                     -24.79209274064095
410                       -24.410564031737923
412.5                     -23.99995572431433
415                       -23.56034510678525
417.5                     -23.09137877907815
420                       -22.592276635945776
422.5                     -22.061812723704723
425                       -21.498271514164074
427.5                     -20.899375287728116
430                       -20.262174643581645
432.5                     -19.58288888989757
435                       -18.8566747806825
437.5                     -18.077288495078317
440                       -17.236582106630184
442.5                     -16.323733028824133
445                       -15.324023155379393
447.5                     -14.216818917888274
450                       -12.97204404735215
452.5                     -11.543585498284939
455                       -9.855820666415946
457.5                     -7.772544459167299
460                       -5.011376007147469
462.5                     -0.8269398291408312
465                       8.28184984880641
467.5                     7.984718003585415
470                       -2.4591533289961025
472.5                     -8.243285974465032
475                       -13.570331603684476
477.5                     -21.383430933314553
480                       -30.394249494293035
482.5                     -15.428041340318421
485                       -8.203584987301767
487.5                     -0.985724509624018
490                       12.37277846273144
492.5                     8.388748575108373
495                       1.342093691309291
497.5                     -1.8581795050413386
500                       -3.817363387407717
502.5                     -5.161848723906509
505                       -6.1364242210196585
507.5                     -6.859625536596061
510                       -7.396063928275928
512.5                     -7.783178226775749
515                       -8.042765422093373
517.5                     -8.186328973015087
520                       -8.21743382828933
522.5                     -8.132234646056132
525                       -7.918417784202801
527.5                     -7.552075224697564
530                       -6.990906565550291
532.5                     -6.159446544206365
535                       -4.91372386899724
537.5                     -2.940256485126074
540                       0.6411116388611666
542.5                     10.772392279251486
545                       4.390984465569124
547.5                     -5.659900385421684
550                       -12.119716785650997
552.5                     -18.06906085237187
555                       -25.205378618003834
557.5                     -40.46998195993407
560                       -32.87976009941445
562.5                     -26.56667956327011
565                       -23.587708618959653
567.5                     -21.722657251180465
570                       -20.395717931754035
572.5                     -19.37464820131283
575                       -18.54438414168894
577.5                     -17.840403463274907
580                       -17.223346049409837
582.5                     -16.66766923454794
585                       -16.155981237951128
587.5                     -15.675968097702595
590                       -15.218617213788665
592.5                     -14.777136270229512
595                       -14.34626665805938
597.5                     -13.921831196509494
600                       -13.500426366978356
602.5                     -13.079206496738692
605                       -12.655727897834346
607.5                     -12.22783281414766
610                       -11.79356004668493
612.5                     -11.351073371591925
615                       -10.898601507585637
617.5                     -10.434384969238835
620                       -9.956626079826272
622.5                     -9.463438859917414
625                       -8.952795558704102
627.5                     -8.42246627039636
630                       -7.869947311821994
632.5                     -7.292372702262371
635                       -6.686400876239713
637.5                     -6.048065254302198
640                       -5.372571559860465
642.5                     -4.654015312137841
645                       -3.884976827529636
647.5                     -3.055922619393873
650                       -2.154289759631249
652.5                     -1.1630284553335497
655                       -0.058169646718421696
657.5                     1.1954771571414449
660                       2.652511999148073
662.5                     4.404105701957227
665                       6.6191194614817
667.5                     9.664704732231545
670                       14.611422197116969
672.5                     29.101370231679887
675                       17.725627653226507
677.5                     9.899804860512134
680                       5.0814255280962515
682.5                     0.957562537943599
685                       -3.5785683404352984
687.5                     -10.750499639081037
690                       -22.29930855518587
692.5                     -5.824589021758947
695                       1.1516878375243458
697.5                     7.3574958979294225
700                       15.674281360343674
702.5                     33.81318072954582
705                       15.755066520670145
707.5                     11.064196746903402
710                       8.426319714024297
712.5                     6.6391812435500395
715                       5.312717394098902
717.5                     4.273397809780143
720                       3.4298072968018527
722.5                     2.728276369958704
725                       2.134796510440773
727.5                     1.6265555113366135
730                       1.1875631929391315
732.5                     0.8062153030236735
735                       0.4738552106408711
737.5                     0.18388452159705032
740                       -0.06880697995635403
742.5                     -0.2882160430522707
745                       -0.4774748628053256
747.5                     -0.6390137296475106
750                       -0.7746588165433504
752.5                     -0.8856736399587948
755                       -0.9727406268934427
757.5                     -1.0358629648716704
760                       -1.0741377142693151
762.5                     -1.0852882966150872
765                       -1.064690421578081
767.5                     -1.003197594308251
770                       -0.8816887394239745
772.5                     -0.6547555125163901
775                       -0.18587659571035528
777.5                     1.201849355625568
780                       2.184617335866011
782.5                     -4.459917881390986
785                       -2.8864832882939466
787.5                     -2.3336869733061243
790                       -2.017792123145594
792.5                     -1.7891984538996533
795                       -1.5989315872342988
797.5                     -1.426242980587093
800                       -1.2608520170619466
802.5                     -1.097089321582173
805                       -0.931570932675476
807.5                     -0.7621473025942467
810                       -0.5873810270709561
812.5                     -0.4062681041393019
815                       -0.2180812800506561
817.5                     -0.022279412537891428
820                       0.1815444596544366
822.5                     0.3936897222590155
825                       0.6143551490868006
827.5                     0.8436264891458484
830                       1.081439366735573
832.5                     1.327503726820555
835                       1.5811597358632012
837.5                     1.8410986712185593
840                       2.104791807940107
842.5                     2.3672161678409798
845                       2.6176353915415245
847.5                     2.8298422124880025
850                       2.922555888476748
852.5                     2.4727367262930304
855                       10.604221035844052
857.5                     6.460745895142277
860                       6.146864106278134
862.5                     6.358179640081554
865                       6.724011890607763
867.5                     7.17114511201345
870                       7.67740589446065
872.5                     8.23588066503995
875                       8.846046713374745
877.5                     9.511009073774165
880                       10.236673439580429
882.5                     11.031763518169955
885                       11.908404176593177
887.5                     12.883313631294357
890                       13.979902155517001
892.5                     15.231972416004247
895                       16.690583665075874
897.5                     18.43788091351183
900                       20.61847183684442
902.5                     23.524360703174825
905                       27.90322693910941
907.5                     37.11297555416468
910                       38.193104664166704
912.5                     28.282071509458028
915                       23.7724870428563
917.5                     20.814023818729236
920                       18.603022496315162
922.5                     16.830956887856473
925                       15.345636414115166
927.5                     14.060112849856177
930                       12.919423903117913
932.5                     11.885987016554596
935                       10.93229244305058
937.5                     10.036842749818609
940                       9.181656953720424
942.5                     8.350545778779658
945                       7.5277244120288165
947.5                     6.696466110505642
950                       5.837512701926623
952.5                     4.926854382387271
955                       3.932197274720362
957.5                     2.8067117009205504
960                       1.4767564439460594
962.5                     -0.18537165436113062
965                       -2.4330393765717098
967.5                     -5.891406508782694
970                       -13.03354778428691
972.5                     -18.867172235448827
975                       -5.548821329133889
977.5                     0.49536613813743186
980                       4.987160848096754
982.5                     8.981479568909318
985                       12.994814355656901
987.5                     17.548030366927353
990                       23.722679403726875
992.5                     37.62780490585924
995                       30.991610553970446
997.5                     24.170966144934432
1000                      20.940613105032774
